870.727 40.7437 892.082 4 4 4
870.727 40.7437 892.082 4 4 4
850.096 50.8205 901.93 4 4 4
850.096 50.8205 901.93 4 4 4
973.562 72.3668 861.85 4 4 4
982.533 71.4464 881.118 4 4 4
982.533 71.4464 881.118 4 4 4
980.134 95.4666 858.987 4 4 4
981.884 85.7603 870.111 4 4 4
981.884 85.7603 870.111 4 4 4
1109.88 107.745 912.082 4 4 4
1104.44 109.595 869.51 4 4 4
1108.07 120.281 900.155 4 4 4
1108.07 120.281 900.155 4 4 4
1108.07 120.281 900.155 4 4 4
934.084 44.4912 1129.05 4 4 4
925.623 51.4136 1117.32 4 4 4
934.269 39 1103.98 4 4 4
937.54 55.6339 1146.35 4 4 4
937.54 55.6339 1146.35 4 4 4
922.755 66.2805 1105.91 4 4 4
930.188 68.368 1129.15 4 4 4
929.122 79.0666 1143.93 4 4 4
929.122 79.0666 1143.93 4 4 4
1850.42 39 1140.27 4 4 4
1847.98 39 1162.88 4 4 4
1848.3 50.7909 1144.55 4 4 4
1859.03 58.1576 1120.61 4 4 4
1922.96 72.9321 1056.06 4 4 4
1943.46 63 1064.01 4 4 4
1949.64 84.2183 1062.29 4 4 4
1922.54 81.5527 1045.15 4 4 4
