1948.28 1120.28
1939.17 1135.38
1914.78 1165.52
1892.62 1180.83
1870.35 1089.91
1877.76 1058.24
1792.6 1071.55
1798.46 1080.94
1812.78 1088.55
1827.89 1104.4
1842.85 1116.24
1838.03 1179.13
1823.91 1173.88
1810.36 1168.22
1800.15 1155.16
1783.54 1143.33
1783.54 1143.33
1934.91 1115.41
1776.65 1072.42
1711.02 1096.8
1671.66 1130.91
1725.91 1178.68
1708.28 1197.14
1705.09 1217.06
1680.65 1213.3
1648.16 1273.98
1639.25 1288.36
1621.79 1303.19
1612.47 1318
1600.39 1335.9
1584.56 1334.35
1551.38 1346.54
1517.6 1244.5
1533.34 1241.62
1535.02 1232.02
1484.3 1251.92
1463.38 1253.75
1448.55 1266.8
1450.34 1318.17
1443.23 1336.33
1408.74 1392.33
1430.87 1397.37
1430.87 1397.37
1884.61 1078.92
1791.13 1083.5
1693.08 1224.44
1628.65 1290.1
1498.85 1248.89
1393.84 1304.05
1384.97 1318.19
1370.34 1328.73
1350.2 1329.5
1408.42 1306.08
335.96 420.1
340.012 433.814
356.64 446.897
377.215 454.723
389.968 464.169
300.643 519.91
288.025 512.929
272.834 499.11
252.715 494.72
264.573 484.443
241.912 487.442
236.52 480.312
283.512 514.129
310.209 542.78
325.419 575.778
332.935 608.285
343.819 624.085
343.819 624.085
323.498 408.473
288.737 393.055
248.925 357.573
224.88 337.807
198.723 364.654
235.07 381.619
260.706 383.038
289.544 400.985
307.905 418.596
314.369 438.846
332.277 447.328
333.307 463.262
349.98 469.189
360.21 458.931
378.303 466.76
386.711 482.916
307.274 532.824
234.989 468.777
198.623 468.691
130.752 430.813
99.4057 424.213
76.2779 429.014
54.7719 427.648
35.7467 428.172
25.1027 338.412
45.2414 328.836
42.2354 347.647
22.7614 357.57
20.0304 378.41
38.0806 379.16
42.7021 389.719
22.9059 402.969
40.428 403.633
40.428 403.633
220.072 465.342
60.2009 404.051
41.2866 363.796
59.3266 341.285
66.7336 327.95
111.11 325.897
136.244 310.898
154.611 326.803
172.82 331.614
190.887 325.457
199.223 338.751
218.413 360.635
282.654 496.866
327.687 550.453
401.08 557.248
419.095 569.438
435.493 571.038
433.627 600.256
406.457 599.175
406.457 599.175
412.929 532.051
419.111 550.084
440.939 557.407
456.115 578.746
448.75 592.89
385.883 682.269
403.781 691.867
423.639 705.279
434.782 720.921
448.727 749.829
498.091 741.094
561.115 720.281
589.184 723.32
612.066 743.911
595.063 737.53
582.438 710.791
557.616 700.802
642.625 753.776
660.832 765.351
681.067 772.778
708.299 769.234
731.117 763.528
755.939 751.279
787.885 747.753
811.891 763.037
838.709 773.804
867.372 778.463
872.163 794.357
864.986 813.768
882.696 843.45
847.425 956.445
859.703 970.156
880.977 971.881
907.503 967.366
891.432 978.191
876.997 957.629
876.997 957.629
201.28 451.414
183.333 426.733
168.352 448.434
357.384 489.021
388.13 498.123
402.163 541.647
449.801 612.086
480.453 630.66
516.341 663.278
740.605 854.068
721.995 867.464
793.382 856.929
812.753 903.257
817.367 781.45
797.296 771.258
778.738 764.353
773.707 750.392
759.924 768.383
838.513 794.221
824.924 775.062
857.557 824.608
973.302 927.858
948.543 818.59
938.794 836.9
952.027 835.591
1035.45 844.434
1030.05 875.967
1055.62 900.248
1060.48 933.584
1085.26 947.73
1097.96 964.673
1074.78 960.91
1035.61 947.348
1020.69 922.705
1151.7 910.379
1153.74 880.49
1157.58 855.745
1174.57 868.503
1188.83 852.897
1202.45 799.402
1228.24 787
1245.61 804.681
1249.44 833.582
1250.43 881
1270.87 907.051
1291.18 931.15
1307.68 882.138
1307.68 882.138
859.245 1187.11
849.882 1196.86
830.38 1204.72
