1 224.707 0 155.703 
1 224.765 0 145.704 
1 224.823 0 135.704 
1 224.882 0 125.704 
1 224.94 0 115.704 
1 224.998 0 105.704 
2 472.801 0 157.147 
2 472.859 0 147.147 
2 472.917 0 137.147 
2 472.975 0 127.147 
2 473.034 0 117.148 
2 473.092 0 107.148 
3 661.718 0 158.246 
3 661.777 0 148.247 
3 661.835 0 138.247 
3 661.893 0 128.247 
3 661.951 0 118.247 
3 662.009 0 108.247 
4 883.179 0 159.535 
4 883.237 0 149.535 
4 883.295 0 139.535 
4 883.353 0 129.535 
4 883.411 0 119.536 
4 883.469 0 109.536 
5 1062.29 0 160 
5 1062.35 0 150 
5 1062.41 0 140 
5 1062.47 0 130.001 
5 1062.52 0 120.001 
5 1062.58 0 110.001 
6 1241.01 0 160 
6 1241.07 0 150 
6 1241.13 0 140 
6 1241.18 0 130.001 
6 1241.24 0 120.001 
6 1241.3 0 110.001 
7 1433.53 0 160 
7 1433.59 0 150 
7 1433.64 0 140 
7 1433.7 0 130.001 
7 1433.76 0 120.001 
7 1433.82 0 110.001 
8 1789.75 0 160 
8 1789.81 0 150 
8 1789.87 0 140 
8 1789.93 0 130.001 
8 1789.99 0 120.001 
8 1790.04 0 110.001 
