0 176.407 39 317.091 
0 183.396 39 309.938 
0 190.384 39 302.786 
0 197.372 39 295.633 
0 204.36 39 288.48 
0 211.349 39 281.327 

1 470.523 39 527.337 
1 472.886 39 517.62 
1 475.249 39 507.903 
1 477.612 39 498.186 
1 479.974 39 488.47 
1 482.337 39 478.753 

2 969.038 27 544.466 
2 968.514 27 534.48 
2 967.991 27 524.494 
2 967.468 27 514.508 
2 966.944 27 504.521 

3 807.479 27 649.964 
3 808.582 27 659.903 
3 809.685 27 669.842 
3 810.788 27 679.781 
3 811.891 27 689.72 

4 506.878 78 714.871 
4 515.389 78 720.121 
4 523.9 78 725.371 
4 532.411 78 730.621 
4 540.923 78 735.87 
4 549.434 78 741.12 

5 1057.93 39 759.432 
5 1050.86 39 752.361 
5 1043.79 39 745.29 
5 1036.72 39 738.219 
5 1029.65 39 731.147 
5 1029.65 39 731.147 
