67.0216 255.335
37.2179 233.477
40.8983 210.933
136.512 281.244
221.717 305.203
256.06 326.362
268.96 354.119
315.938 419.326
359.568 460.042
425.751 524.546
488.227 527.428
512.182 561.056
588.622 543.267
650.799 527.408
669.622 597.814
645.86 585.077
729.89 504.196
756.889 494.046
784.057 550.412
809.001 490.782
1106.64 548
1095.82 576.889
1089.08 611.702
1059.39 644.883
1004.21 655.445
934.567 619.06
970.421 591.792
938.899 730.887
929.002 652.83
644.834 711.218
548.319 732.466
477.862 759.154
456.306 779.279
986.475 825.494
974.104 759.811
1088.84 677.445
1113.91 672.723
1125.47 716.62
1147.21 734.233
1193.24 728.115
1216.45 704.612
1185.87 660.68
1196.3 612.136
1236.47 604.57
1258.76 625.152
1258.76 625.152
551.665 607.007
721.088 596.415
