100.179 410.71
185.452 392.79
218.622 455.194
352.473 502.265
393.537 576.19
373.773 637.597
414.176 681.225
414.176 681.225
420.655 634.652
479.363 752.474
570.08 773.885
788.797 790.466
817.189 842.54
1156.25 904.253
1196.94 852.611
1262.59 871.314
1286.54 900.194
1693.02 925.239
1629.06 1032.08
1580.94 1038.02
1498.49 1051.4
1121.86 1119.98
1013.48 1078.8
870.957 1118.99
845.874 1167.93
1381.8 1338.22
1425.1 1375.83
1498.1 1331.82
1648.6 1254.26
1701.6 1124.8
1885.25 1112.74
1921.18 995.433
1946.94 981.337
1978.8 1006.26
