0 528.921 44.3393 560.23 3 3 3
0 587 65.8215 558.037 3 3 3
0 678.096 103.488 566.615 3 3 3
0 684.096 107.488 557.615 3 3 3
0 601 44.7305 681 3 3 3
0 588.514 53.9956 707.158 3 3 3
0 597 55 690 3 3 3
0 602 74 567 3 3 3
0 604 78 551 3 3 3
0 1136 44 721 3 3 3
0 580.782 64.7436 694.572 3 3 
0 1157.47 44.405 710.616 3 3 3
0 1157.7 53.4014 723.784 3 3 3
0 1195.05 66.9573 663.192 3 3 3
0 1209.47 76.7798 659.265 3 3 3
0 1201.4 87.1315 651.479 3 3 3
0 689.674 116.857 551.928 3 3 3
0 623.351 82.6432 580.607 3 3 3
0 618.609 89.2734 564.56 3 3 3
0 680 69 713.738 3 3 3
0 1144 49 706 3 3 3
1134 43 712 3 3 3
0 536.473 50.6234 528.062 3 3 3
0 520.972 45.76 535.143 3 3 3
0 524.738 40.1654 524.002 3 3 3
0 535 55 550 3 3 3