49.3933 266.338
36.7569 262.758
31.4436 255.955
24.4335 250.768
20.1974 243.832
24.1548 227.211
23.7146 219.5
13.39 217.129
21.3353 209.902
37.0368 207.163
38.2013 222.556
70.7212 258.31
84.564 257.727
102.348 274.758
118.43 271.425
120.567 285.647
125.059 263.295
139.78 239.206
136.807 226.183
124.811 222.445
109.946 211.616
96.5515 209.442
86.4304 208.379
67.0655 203.88
141.939 220.462
143.492 221.081
152.931 237.844
153.318 238.785
171.914 244.402
185.057 261.979
204.982 269.053
215.8 288.5
235.748 298.604
218.587 308.266
199.502 341.554
213.108 362.575
217.112 390.776
232.193 391.286
237.092 416.568
256.599 419.399
273.624 437.741
271.465 458.904
294.552 463.582
299.551 479.743
323.207 484.4
345.701 513.045
361.342 497.175
378.477 479.316
398.472 472.044
445.954 484.085
479.15 466.238
470.003 467.448
482.933 479.528
494.211 467.167
505.043 481.96
518.058 471.428
533.525 486.183
533.525 486.183
39.1582 240.936
251.893 334.588
305.853 402.846
355.231 449.318
439.578 520.04
439.768 535.741
529.878 592.066
520.326 591.028
538.979 583.046
540.508 601.241
555.985 587.862
568.88 601.674
558.559 605.787
587.233 597.323
597.417 583.519
576.912 587.51
593.697 522.284
583.707 525.725
576.554 539.651
592.152 539.646
626.767 520.862
634.267 496.37
657.316 492.815
672.429 506.587
684.143 509.596
670.561 524.858
651.768 522.342
635.001 525.99
612.615 507.59
620.299 530.691
655.133 583.228
678.537 600.914
684.915 586.393
659.376 597.582
643.903 590.636
636.044 577.883
737.336 501.823
743.46 511.363
767.385 496.023
787.466 496.476
790.805 551.789
799.464 564.445
809.057 579.407
809.057 579.407
751.62 498.727
805.036 553.088
1050 566.785
1096.55 600.23
1092.88 583.509
1106.97 589.483
1089.43 628.986
1071.69 625.87
1058.84 645.665
1022.57 666.694
1022.93 650
1007.82 657.446
1040.39 655.676
1008.98 605.339
994.036 590.297
977.693 596.008
954.563 598.584
954.44 613.844
967.09 614.74
936.481 628.637
937.745 650.377
925.944 662.103
946.736 721.644
968.285 705.533
604.893 721.934
624.732 717.373
609.962 709.917
498.426 728.216
559.758 722.213
559.758 722.213
679.525 703.985
656.584 666.247
628.907 674.486
538.366 738.083
480.553 742.764
514.467 706.972
894.472 855.631
910.853 867.624
914.325 847.537
930.498 868.13
945.738 851.314
937.832 833.668
959.274 820.745
981.586 826.659
997.656 832.867
1012.34 811.657
1009.62 795.92
1032.05 787.16
1052.04 766.266
1068.49 742.791
1024.73 730.264
1015.7 744.078
991.404 758.158
965.626 769.954
947.528 777.291
928.016 788.591
910.256 785.624
910.313 798.246
886.265 808.672
871.959 821.07
884.315 829.033
864.941 824.882
1197.39 722.388
1168.9 739.411
1218.93 694.74
1193.67 616.001
1182.8 629.17
1268.03 625.57
1266.49 636.754
1271.25 614.755
1270.27 599.5
1258.77 587.666
1246.11 585.943
1258.86 597.075
1259.93 613.051
1248.88 632.984
725.148 527.053
732.653 579.438
769.138 538.601
986.036 613.178
967.121 680.962
951.52 697.412
655.112 700.666
1211.19 605.842
1226.31 601.689
1242.55 597.643
1227.37 635.922
1227.37 635.922
249.763 345.775
243.472 384.365
302.282 439.777
494.756 530.447
769.068 506.251
1096.02 541.76
688.127 663.695
606.281 679.579
914.123 823.282
1062.3 689.99
1083.65 685.268
1152.57 737.663
1178.75 655.923
184.933 316.117
267.677 370.183
455.794 512.599
648.87 550.854
738.445 559.685
1060.98 604.108
1060.98 604.108
686.204 688.308
500.426 745.346
1008.13 769.199
1114.23 698.114
1177.24 696.705
